04/10/1986,1,1,0,1,1,1.00
11/11/1986,1,2,0,1,4,10000.00
04/10/1986,1,1,0,1,5,123.00
04/10/1986,1,2,0,5,45,1324354.00
04/10/1986,1,2,0,5,12,354.00
04/10/1986,1,2,0,5,13,5.00
04/10/1986,1,1,0,5,4,156.00
04/10/1986,1,2,0,4,5,651651.00
04/10/1986,1,1,0,4,35,654654.00
04/10/1986,1,2,0,5,56,3513513.00
08/24/2018,1,1,0,3,3,52000.00
10/06/1987,2,0,2,1,5,10000.00
05/23/1991,1,2,0,1,2,60000.00
01/01/2004,1,2,0,1,2,888888888888.00
10/06/1995,1,2,0,1,5,100000.00
04/10/1986,1,1,0,2,5,50000.00
04/10/1987,2,0,1,3,4,20000.00
11/11/1986,2,0,1,4,5,4.00
05/04/2004,1,1,0,1,4,20000.00
04/10/1986,1,1,0,1,1,10000.00
11/11/2000,1,1,0,1,1,20000.00
11/11/1986,1,1,0,1,1,30000.00
05/23/2003,1,1,0,1,5,60000.00
